-------- IOUs Frame Number: 1069 -------
VC_ID: 5
FACE_ID: 3
VC_BBOX: [0.0, 46.0, 181.0, 312.0]
FACE_BBOX: [41.30262756347656, 77.6382064819336, 121.54437255859375, 199.59034729003906]
IOU: 1.0
-------- IOUs Frame Number: 1069 -------
VC_ID: 4
FACE_ID: 1
VC_BBOX: [276.0, 52.0, 564.0, 312.0]
FACE_BBOX: [385.23712158203125, 91.86432647705078, 470.2771301269531, 201.12014770507812]
IOU: 1.0
