-------- IOUs Frame Number: 2180 -------
VC_ID: 4
FACE_ID: 4
VC_BBOX: [486.0, 55.0, 640.0, 310.0]
FACE_BBOX: [496.709228515625, 92.49486541748047, 551.5164184570312, 167.39720153808594]
IOU: 1.0
-------- IOUs Frame Number: 2180 -------
VC_ID: 5
FACE_ID: 1
VC_BBOX: [120.0, 68.0, 352.0, 313.0]
FACE_BBOX: [242.42031860351562, 98.11175537109375, 290.9602966308594, 161.18722534179688]
IOU: 1.0
