-------- IOUs Frame Number: 2213 -------
VC_ID: 1
FACE_ID: 4
VC_BBOX: [452.0, 59.0, 640.0, 311.0]
FACE_BBOX: [466.8908386230469, 83.56188201904297, 530.63134765625, 164.07000732421875]
IOU: 1.0
-------- IOUs Frame Number: 2213 -------
VC_ID: 3
FACE_ID: 1
VC_BBOX: [167.0, 56.0, 338.0, 312.0]
FACE_BBOX: [175.89134216308594, 75.73574829101562, 225.98529052734375, 138.30545043945312]
IOU: 1.0
