-------- IOUs Frame Number: 1214 -------
VC_ID: 3
FACE_ID: 4
VC_BBOX: [382.0, 48.0, 640.0, 313.0]
FACE_BBOX: [502.723388671875, 80.0956039428711, 562.7554321289062, 154.67884826660156]
IOU: 1.0
-------- IOUs Frame Number: 1214 -------
VC_ID: 4
FACE_ID: 1
VC_BBOX: [172.0, 52.0, 335.0, 314.0]
FACE_BBOX: [245.62808227539062, 87.45215606689453, 297.2857971191406, 152.11158752441406]
IOU: 1.0
