-------- IOUs Frame Number: 3352 -------
VC_ID: 1
FACE_ID: 0
VC_BBOX: [69.0, 55.0, 312.0, 314.0]
FACE_BBOX: [167.62362670898438, 66.39196014404297, 222.22952270507812, 135.37576293945312]
IOU: 1.0
-------- IOUs Frame Number: 3352 -------
VC_ID: 2
FACE_ID: 1
VC_BBOX: [316.0, 110.0, 468.0, 313.0]
FACE_BBOX: [371.78680419921875, 127.82048034667969, 419.03680419921875, 191.52540588378906]
IOU: 1.0
