-------- IOUs Frame Number: 2175 -------
VC_ID: 2
FACE_ID: 2
VC_BBOX: [174.0, 60.0, 478.0, 314.0]
FACE_BBOX: [274.81756591796875, 103.75868225097656, 360.6651611328125, 210.7661895751953]
IOU: 1.0
-------- IOUs Frame Number: 2175 -------
VC_ID: 4
FACE_ID: 1
VC_BBOX: [510.0, 184.0, 628.0, 315.0]
FACE_BBOX: [539.5359497070312, 206.76121520996094, 611.9158935546875, 308.0804748535156]
IOU: 1.0
