-------- IOUs Frame Number: 2226 -------
VC_ID: 6
FACE_ID: 0
VC_BBOX: [15.0, 85.0, 238.0, 315.0]
FACE_BBOX: [93.51817321777344, 96.69830322265625, 146.94505310058594, 169.54342651367188]
IOU: 1.0
-------- IOUs Frame Number: 2226 -------
VC_ID: 5
FACE_ID: 2
VC_BBOX: [256.0, 48.0, 456.0, 312.0]
FACE_BBOX: [331.5621032714844, 65.81484985351562, 384.0328674316406, 132.58270263671875]
IOU: 1.0
