-------- IOUs Frame Number: 32 -------
VC_ID: 2
FACE_ID: 0
VC_BBOX: [1.0, 47.0, 196.0, 314.0]
FACE_BBOX: [30.768707275390625, 60.82419204711914, 114.17965698242188, 167.281005859375]
IOU: 1.0
-------- IOUs Frame Number: 32 -------
VC_ID: 4
FACE_ID: 1
VC_BBOX: [273.0, 60.0, 518.0, 314.0]
FACE_BBOX: [347.5550231933594, 88.48087310791016, 413.8737487792969, 176.01766967773438]
IOU: 1.0
