-------- IOUs Frame Number: 3737 -------
VC_ID: 4
FACE_ID: 7
VC_BBOX: [207.0, 43.0, 582.0, 348.0]
FACE_BBOX: [371.97332763671875, 87.71604919433594, 479.7447204589844, 238.76023864746094]
IOU: 1.0
-------- IOUs Frame Number: 3737 -------
VC_ID: 3
FACE_ID: 8
VC_BBOX: [46.0, 83.0, 199.0, 348.0]
FACE_BBOX: [114.02322387695312, 103.7953109741211, 183.67051696777344, 194.93675231933594]
IOU: 1.0
