-------- IOUs Frame Number: 1235 -------
VC_ID: 5
FACE_ID: 9
VC_BBOX: [412.0, 95.0, 640.0, 350.0]
FACE_BBOX: [450.22589111328125, 111.53598022460938, 528.2400512695312, 204.98681640625]
IOU: 1.0
-------- IOUs Frame Number: 1235 -------
VC_ID: 6
FACE_ID: 7
VC_BBOX: [1.0, 62.0, 326.0, 347.0]
FACE_BBOX: [126.20468139648438, 86.44535827636719, 195.90379333496094, 179.58718872070312]
IOU: 1.0
