-------- IOUs Frame Number: 225 -------
VC_ID: 1
FACE_ID: 1
VC_BBOX: [22.0, 56.0, 282.0, 236.0]
FACE_BBOX: [86.931640625, 82.06138610839844, 162.96331787109375, 186.96853637695312]
IOU: 1.0
-------- IOUs Frame Number: 225 -------
VC_ID: 2
FACE_ID: 0
VC_BBOX: [432.0, 43.0, 634.0, 232.0]
FACE_BBOX: [507.3873291015625, 75.31616973876953, 585.2015991210938, 169.33627319335938]
IOU: 1.0
