-------- IOUs Frame Number: 2876 -------
VC_ID: 1
FACE_ID: 31
VC_BBOX: [176.0, 108.0, 410.0, 312.0]
FACE_BBOX: [271.7594909667969, 143.97335815429688, 339.4287109375, 231.88063049316406]
IOU: 1.0
-------- IOUs Frame Number: 2876 -------
VC_ID: 0
FACE_ID: 32
VC_BBOX: [64.0, 85.0, 176.0, 310.0]
FACE_BBOX: [96.89055633544922, 105.22278594970703, 147.0510711669922, 177.64517211914062]
IOU: 1.0
