-------- IOUs Frame Number: 764 -------
VC_ID: 8
FACE_ID: 0
VC_BBOX: [178.0, 72.0, 398.0, 316.0]
FACE_BBOX: [229.32943725585938, 91.75474548339844, 286.9270935058594, 176.23048400878906]
IOU: 1.0
-------- IOUs Frame Number: 764 -------
VC_ID: 6
FACE_ID: 10
VC_BBOX: [371.0, 142.0, 448.0, 299.0]
FACE_BBOX: [378.408935546875, 153.97946166992188, 427.1432189941406, 221.43162536621094]
IOU: 1.0
