-------- IOUs Frame Number: 192 -------
VC_ID: 2
FACE_ID: 1
VC_BBOX: [194.0, 48.0, 634.0, 311.0]
FACE_BBOX: [322.33251953125, 102.01806640625, 392.83013916015625, 203.7231903076172]
IOU: 1.0
-------- IOUs Frame Number: 192 -------
VC_ID: 3
FACE_ID: 2
VC_BBOX: [1.0, 101.0, 181.0, 312.0]
FACE_BBOX: [54.59815979003906, 116.18514251708984, 120.83940887451172, 201.58607482910156]
IOU: 1.0
