-------- IOUs Frame Number: 1033 -------
VC_ID: 2
FACE_ID: 0
VC_BBOX: [1.0, 21.0, 237.0, 252.0]
FACE_BBOX: [99.98233795166016, 54.18497848510742, 188.55751037597656, 167.32518005371094]
IOU: 1.0
-------- IOUs Frame Number: 1033 -------
VC_ID: 1
FACE_ID: 1
VC_BBOX: [346.0, 75.0, 608.0, 255.0]
FACE_BBOX: [439.4370422363281, 128.00083923339844, 518.2931518554688, 221.7002410888672]
IOU: 1.0
-------- IOUs Frame Number: 1033 -------
VC_ID: 3
FACE_ID: 2
VC_BBOX: [205.0, 28.0, 407.0, 246.0]
FACE_BBOX: [252.76438903808594, 56.776546478271484, 317.867431640625, 141.981689453125]
IOU: 1.0
