-------- IOUs Frame Number: 921 -------
VC_ID: 0
FACE_ID: 0
VC_BBOX: [0.0, 24.0, 279.0, 253.0]
FACE_BBOX: [43.113739013671875, 66.47576141357422, 144.61732482910156, 189.95204162597656]
IOU: 1.0
-------- IOUs Frame Number: 921 -------
VC_ID: 1
FACE_ID: 1
VC_BBOX: [354.0, 72.0, 607.0, 254.0]
FACE_BBOX: [426.97430419921875, 102.21776580810547, 497.4283752441406, 189.52613830566406]
IOU: 1.0
-------- IOUs Frame Number: 921 -------
VC_ID: 2
FACE_ID: 2
VC_BBOX: [202.0, 30.0, 396.0, 237.0]
FACE_BBOX: [257.99371337890625, 60.431297302246094, 321.1414794921875, 143.47325134277344]
IOU: 1.0
