-------- IOUs Frame Number: 357 -------
VC_ID: 0
FACE_ID: 0
VC_BBOX: [1.0, 23.0, 334.0, 254.0]
FACE_BBOX: [100.38031768798828, 30.821483612060547, 186.16506958007812, 160.90576171875]
IOU: 1.0
-------- IOUs Frame Number: 357 -------
VC_ID: 2
FACE_ID: 1
VC_BBOX: [336.0, 76.0, 607.0, 255.0]
FACE_BBOX: [445.0383605957031, 110.1678466796875, 519.8448486328125, 198.23141479492188]
IOU: 1.0
-------- IOUs Frame Number: 357 -------
VC_ID: 0
FACE_ID: 2
VC_BBOX: [1.0, 23.0, 334.0, 254.0]
FACE_BBOX: [259.4173583984375, 43.419044494628906, 322.9690856933594, 124.93849182128906]
IOU: 1.0
-------- IOUs Frame Number: 357 -------
VC_ID: 1
FACE_ID: 2
VC_BBOX: [207.0, 29.0, 400.0, 250.0]
FACE_BBOX: [259.4173583984375, 43.419044494628906, 322.9690856933594, 124.93849182128906]
IOU: 1.0
