-------- IOUs Frame Number: 412 -------
VC_ID: 0
FACE_ID: 0
VC_BBOX: [216.0, 1.0, 604.0, 316.0]
FACE_BBOX: [257.70806884765625, 40.68318176269531, 376.33526611328125, 208.77267456054688]
IOU: 1.0
