-------- IOUs Frame Number: 592 -------
VC_ID: 0
FACE_ID: 0
VC_BBOX: [354.0, 67.0, 543.0, 240.0]
FACE_BBOX: [417.88446044921875, 80.27249908447266, 476.1271057128906, 156.96278381347656]
IOU: 1.0
-------- IOUs Frame Number: 592 -------
VC_ID: 1
FACE_ID: 1
VC_BBOX: [8.0, 61.0, 241.0, 243.0]
FACE_BBOX: [119.00578308105469, 88.86387634277344, 175.58541870117188, 167.29067993164062]
IOU: 1.0
