-------- IOUs Frame Number: 2987 -------
VC_ID: 1
FACE_ID: 1
VC_BBOX: [7.0, 67.0, 245.0, 242.0]
FACE_BBOX: [111.17118835449219, 91.37891387939453, 169.1845703125, 174.68869018554688]
IOU: 1.0
-------- IOUs Frame Number: 2987 -------
VC_ID: 0
FACE_ID: 0
VC_BBOX: [333.0, 75.0, 543.0, 241.0]
FACE_BBOX: [423.873291015625, 80.6368179321289, 484.55950927734375, 158.22018432617188]
IOU: 1.0
