-------- IOUs Frame Number: 124 -------
VC_ID: 0
FACE_ID: 0
VC_BBOX: [353.0, 66.0, 543.0, 283.0]
FACE_BBOX: [400.2847900390625, 74.59616088867188, 469.1967468261719, 166.20677185058594]
IOU: 1.0
-------- IOUs Frame Number: 124 -------
VC_ID: 1
FACE_ID: 1
VC_BBOX: [13.0, 65.0, 241.0, 240.0]
FACE_BBOX: [77.35739135742188, 89.68684387207031, 138.00375366210938, 169.3695068359375]
IOU: 1.0
