-------- IOUs Frame Number: 1040 -------
VC_ID: 1
FACE_ID: 0
VC_BBOX: [332.0, 283.0, 614.0, 574.0]
FACE_BBOX: [380.32952880859375, 327.80474853515625, 467.97076416015625, 456.0299072265625]
IOU: 1.0
-------- IOUs Frame Number: 1040 -------
VC_ID: 3
FACE_ID: 1
VC_BBOX: [201.0, 37.0, 427.0, 573.0]
FACE_BBOX: [282.8694763183594, 87.07814025878906, 362.2870178222656, 204.17124938964844]
IOU: 1.0
