-------- IOUs Frame Number: 2185 -------
VC_ID: 3
FACE_ID: 0
VC_BBOX: [294.0, 19.0, 492.0, 347.0]
FACE_BBOX: [306.7431945800781, 50.214393615722656, 368.4378662109375, 143.08834838867188]
IOU: 1.0
-------- IOUs Frame Number: 2185 -------
VC_ID: 4
FACE_ID: 1
VC_BBOX: [23.0, 29.0, 289.0, 348.0]
FACE_BBOX: [142.81185913085938, 43.6926155090332, 207.96975708007812, 130.4803009033203]
IOU: 1.0
