-------- IOUs Frame Number: 1769 -------
VC_ID: 3
FACE_ID: 4
VC_BBOX: [0.0, 47.0, 240.0, 314.0]
FACE_BBOX: [124.77174377441406, 49.25153732299805, 236.3081512451172, 236.42843627929688]
IOU: 1.0
-------- IOUs Frame Number: 1769 -------
VC_ID: 5
FACE_ID: 6
VC_BBOX: [353.0, 76.0, 602.0, 315.0]
FACE_BBOX: [429.2272644042969, 99.35725402832031, 493.4087219238281, 188.80821228027344]
IOU: 1.0
