-------- IOUs Frame Number: 1265 -------
VC_ID: 4
FACE_ID: 0
VC_BBOX: [422.0, 47.0, 640.0, 314.0]
FACE_BBOX: [430.7314147949219, 83.3733139038086, 517.9685668945312, 189.6297607421875]
IOU: 1.0
-------- IOUs Frame Number: 1265 -------
VC_ID: 5
FACE_ID: 1
VC_BBOX: [43.0, 78.0, 312.0, 315.0]
FACE_BBOX: [131.02467346191406, 99.75210571289062, 183.33457946777344, 166.1389923095703]
IOU: 1.0
