-------- IOUs Frame Number: 1433 -------
VC_ID: 2
FACE_ID: 0
VC_BBOX: [36.0, 56.0, 270.0, 263.0]
FACE_BBOX: [124.28386688232422, 77.321533203125, 183.31640625, 155.91175842285156]
IOU: 1.0
-------- IOUs Frame Number: 1433 -------
VC_ID: 3
FACE_ID: 1
VC_BBOX: [381.0, 68.0, 612.0, 273.0]
FACE_BBOX: [452.3614196777344, 93.68830871582031, 505.7172546386719, 170.7827911376953]
IOU: 1.0
