-------- IOUs Frame Number: 370 -------
VC_ID: 5
FACE_ID: 0
VC_BBOX: [0.0, 1.0, 259.0, 243.0]
FACE_BBOX: [51.88490295410156, 41.507328033447266, 120.70091247558594, 129.22164916992188]
IOU: 1.0
-------- IOUs Frame Number: 370 -------
VC_ID: 2
FACE_ID: 1
VC_BBOX: [340.0, 1.0, 576.0, 291.0]
FACE_BBOX: [445.452880859375, 26.087430953979492, 514.2510375976562, 111.28987884521484]
IOU: 1.0
