-------- IOUs Frame Number: 779 -------
VC_ID: 3
FACE_ID: 1
VC_BBOX: [351.0, 0.0, 569.0, 233.0]
FACE_BBOX: [454.8152770996094, 15.384471893310547, 529.4840698242188, 105.05341339111328]
IOU: 1.0
-------- IOUs Frame Number: 779 -------
VC_ID: 6
FACE_ID: 0
VC_BBOX: [0.0, 2.0, 261.0, 244.0]
FACE_BBOX: [46.921085357666016, 36.751426696777344, 117.27901458740234, 128.3957061767578]
IOU: 1.0
