-------- IOUs Frame Number: 1217 -------
VC_ID: 1
FACE_ID: 1
VC_BBOX: [337.0, 1.0, 576.0, 231.0]
FACE_BBOX: [420.0787353515625, 23.67424964904785, 490.1158447265625, 110.63451385498047]
IOU: 1.0
-------- IOUs Frame Number: 1217 -------
VC_ID: 4
FACE_ID: 0
VC_BBOX: [1.0, 2.0, 245.0, 243.0]
FACE_BBOX: [56.72750473022461, 40.32002639770508, 123.71939849853516, 127.23410034179688]
IOU: 1.0
