-------- IOUs Frame Number: 504 -------
VC_ID: 2
FACE_ID: 1
VC_BBOX: [330.0, 1.0, 575.0, 236.0]
FACE_BBOX: [446.95477294921875, 21.559497833251953, 522.1141967773438, 109.535400390625]
IOU: 1.0
-------- IOUs Frame Number: 504 -------
VC_ID: 4
FACE_ID: 0
VC_BBOX: [0.0, 2.0, 259.0, 244.0]
FACE_BBOX: [44.55891418457031, 44.26725387573242, 113.1028060913086, 128.9027557373047]
IOU: 1.0
