-------- IOUs Frame Number: 13 -------
VC_ID: 7
FACE_ID: 0
VC_BBOX: [1.0, 1.0, 238.0, 243.0]
FACE_BBOX: [63.39133071899414, 41.62538528442383, 131.00958251953125, 128.30906677246094]
IOU: 1.0
-------- IOUs Frame Number: 13 -------
VC_ID: 5
FACE_ID: 1
VC_BBOX: [335.0, 1.0, 576.0, 236.0]
FACE_BBOX: [443.1801452636719, 23.02341079711914, 511.1930236816406, 108.16751861572266]
IOU: 1.0
