-------- IOUs Frame Number: 697 -------
VC_ID: 2
FACE_ID: 1
VC_BBOX: [352.0, 0.0, 576.0, 233.0]
FACE_BBOX: [451.8729553222656, 14.781059265136719, 524.0101318359375, 104.97222900390625]
IOU: 1.0
-------- IOUs Frame Number: 697 -------
VC_ID: 5
FACE_ID: 0
VC_BBOX: [0.0, 1.0, 260.0, 243.0]
FACE_BBOX: [46.13695526123047, 41.70903396606445, 112.41597747802734, 127.98148345947266]
IOU: 1.0
