-------- IOUs Frame Number: 1081 -------
VC_ID: 5
FACE_ID: 1
VC_BBOX: [331.0, 1.0, 576.0, 231.0]
FACE_BBOX: [410.8279113769531, 21.782739639282227, 483.8417663574219, 112.77144622802734]
IOU: 1.0
-------- IOUs Frame Number: 1081 -------
VC_ID: 6
FACE_ID: 0
VC_BBOX: [1.0, 2.0, 247.0, 243.0]
FACE_BBOX: [48.82867431640625, 42.30067443847656, 116.78556060791016, 128.32579040527344]
IOU: 1.0
