-------- IOUs Frame Number: 1369 -------
VC_ID: 3
FACE_ID: 1
VC_BBOX: [336.0, 1.0, 576.0, 233.0]
FACE_BBOX: [424.2938537597656, 15.374329566955566, 497.35113525390625, 102.11016845703125]
IOU: 1.0
-------- IOUs Frame Number: 1369 -------
VC_ID: 4
FACE_ID: 0
VC_BBOX: [1.0, 1.0, 245.0, 243.0]
FACE_BBOX: [61.69390106201172, 39.351802825927734, 126.3055191040039, 125.01480102539062]
IOU: 1.0
