-------- IOUs Frame Number: 1910 -------
VC_ID: 2
FACE_ID: 2
VC_BBOX: [1.0, 51.0, 234.0, 256.0]
FACE_BBOX: [108.138671875, 68.6362533569336, 173.92333984375, 157.91082763671875]
IOU: 1.0
-------- IOUs Frame Number: 1910 -------
VC_ID: 3
FACE_ID: 1
VC_BBOX: [320.0, 25.0, 429.0, 248.0]
FACE_BBOX: [358.17724609375, 39.55712127685547, 421.3486633300781, 116.67732238769531]
IOU: 1.0
