-------- IOUs Frame Number: 2422 -------
VC_ID: 1
FACE_ID: 2
VC_BBOX: [428.0, 40.0, 640.0, 280.0]
FACE_BBOX: [509.4806823730469, 100.69100189208984, 594.8257446289062, 195.5994110107422]
IOU: 1.0
-------- IOUs Frame Number: 2422 -------
VC_ID: 2
FACE_ID: 1
VC_BBOX: [32.0, 44.0, 354.0, 352.0]
FACE_BBOX: [134.95205688476562, 71.8113021850586, 206.40565490722656, 175.56838989257812]
IOU: 1.0
