-------- IOUs Frame Number: 74 -------
VC_ID: 14
FACE_ID: 0
VC_BBOX: [314.0, 10.0, 638.0, 286.0]
FACE_BBOX: [386.2449035644531, 41.595157623291016, 449.44122314453125, 124.35050964355469]
IOU: 1.0
-------- IOUs Frame Number: 74 -------
VC_ID: 13
FACE_ID: 1
VC_BBOX: [144.0, 36.0, 310.0, 199.0]
FACE_BBOX: [187.05465698242188, 54.26533126831055, 235.84373474121094, 116.53012084960938]
IOU: 1.0
