-------- IOUs Frame Number: 244 -------
VC_ID: 7
FACE_ID: 0
VC_BBOX: [182.0, 11.0, 638.0, 283.0]
FACE_BBOX: [292.1321105957031, 44.63543701171875, 392.0138244628906, 169.67994689941406]
IOU: 1.0
-------- IOUs Frame Number: 244 -------
VC_ID: 6
FACE_ID: 1
VC_BBOX: [0.0, 58.0, 197.0, 276.0]
FACE_BBOX: [62.89441680908203, 76.2585220336914, 125.70295715332031, 152.42933654785156]
IOU: 1.0
