-------- IOUs Frame Number: 378 -------
VC_ID: 10
FACE_ID: 0
VC_BBOX: [2.0, 30.0, 385.0, 350.0]
FACE_BBOX: [192.03871154785156, 59.16377258300781, 288.7698059082031, 187.94483947753906]
IOU: 1.0
-------- IOUs Frame Number: 378 -------
VC_ID: 9
FACE_ID: 1
VC_BBOX: [328.0, 1.0, 548.0, 300.0]
FACE_BBOX: [440.41546630859375, 19.970983505249023, 504.7652282714844, 112.41685485839844]
IOU: 1.0
