-------- IOUs Frame Number: 0 -------
VC_ID: 6
FACE_ID: 0
VC_BBOX: [1.0, 10.0, 255.0, 350.0]
FACE_BBOX: [67.59857940673828, 37.39790344238281, 143.8980255126953, 140.60275268554688]
IOU: 1.0
-------- IOUs Frame Number: 0 -------
VC_ID: 5
FACE_ID: 1
VC_BBOX: [258.0, 0.0, 498.0, 339.0]
FACE_BBOX: [348.2637634277344, 38.5941276550293, 422.0352783203125, 133.46038818359375]
IOU: 1.0
