-------- IOUs Frame Number: 557 -------
VC_ID: 7
FACE_ID: 0
VC_BBOX: [4.0, 37.0, 392.0, 351.0]
FACE_BBOX: [187.07708740234375, 66.6373519897461, 276.5480041503906, 186.73760986328125]
IOU: 1.0
-------- IOUs Frame Number: 557 -------
VC_ID: 8
FACE_ID: 1
VC_BBOX: [339.0, 0.0, 639.0, 306.0]
FACE_BBOX: [483.2990417480469, 34.29375457763672, 548.21728515625, 120.83049011230469]
IOU: 1.0
