-------- IOUs Frame Number: 330 -------
VC_ID: 2
FACE_ID: 1
VC_BBOX: [320.0, 40.0, 573.0, 212.0]
FACE_BBOX: [394.833251953125, 51.66312026977539, 458.4161071777344, 139.69326782226562]
IOU: 1.0
-------- IOUs Frame Number: 330 -------
VC_ID: 3
FACE_ID: 0
VC_BBOX: [24.0, 28.0, 229.0, 221.0]
FACE_BBOX: [107.39414978027344, 66.56433868408203, 163.2527618408203, 135.83335876464844]
IOU: 1.0
