-------- IOUs Frame Number: 90 -------
VC_ID: 3
FACE_ID: 1
VC_BBOX: [342.0, 54.0, 574.0, 207.0]
FACE_BBOX: [466.18280029296875, 60.818668365478516, 524.0266723632812, 140.5663299560547]
IOU: 1.0
-------- IOUs Frame Number: 90 -------
VC_ID: 5
FACE_ID: 0
VC_BBOX: [30.0, 31.0, 232.0, 230.0]
FACE_BBOX: [102.71347045898438, 65.26130676269531, 159.52313232421875, 138.20359802246094]
IOU: 1.0
