-------- IOUs Frame Number: 322 -------
VC_ID: 1
FACE_ID: 7
VC_BBOX: [413.0, 1.0, 639.0, 268.0]
FACE_BBOX: [414.2750549316406, 37.033321380615234, 534.7510375976562, 188.1399383544922]
IOU: 1.0
-------- IOUs Frame Number: 322 -------
VC_ID: 2
FACE_ID: 8
VC_BBOX: [1.0, 1.0, 243.0, 266.0]
FACE_BBOX: [30.060665130615234, 11.192630767822266, 145.85594177246094, 159.8828887939453]
IOU: 1.0
-------- IOUs Frame Number: 322 -------
VC_ID: 0
FACE_ID: 5
VC_BBOX: [176.0, 1.0, 465.0, 248.0]
FACE_BBOX: [288.87945556640625, 19.231666564941406, 387.25115966796875, 153.17123413085938]
IOU: 1.0
