-------- IOUs Frame Number: 1057 -------
VC_ID: 5
FACE_ID: 8
VC_BBOX: [132.0, 28.0, 298.0, 271.0]
FACE_BBOX: [180.12351989746094, 50.308799743652344, 245.46066284179688, 135.91195678710938]
IOU: 1.0
-------- IOUs Frame Number: 1057 -------
VC_ID: 4
FACE_ID: 5
VC_BBOX: [288.0, 19.0, 418.0, 270.0]
FACE_BBOX: [338.7540283203125, 39.609561920166016, 390.6487121582031, 113.91691589355469]
IOU: 1.0
