-------- IOUs Frame Number: 807 -------
VC_ID: 1
FACE_ID: 8
VC_BBOX: [151.0, 22.0, 320.0, 269.0]
FACE_BBOX: [206.38821411132812, 47.94783020019531, 268.8849792480469, 135.10882568359375]
IOU: 1.0
-------- IOUs Frame Number: 807 -------
VC_ID: 3
FACE_ID: 5
VC_BBOX: [258.0, 37.0, 396.0, 210.0]
FACE_BBOX: [304.1229248046875, 57.174598693847656, 353.0249938964844, 124.2553482055664]
IOU: 1.0
