-------- IOUs Frame Number: 331 -------
VC_ID: 4
FACE_ID: 7
VC_BBOX: [378.0, 0.0, 638.0, 268.0]
FACE_BBOX: [429.94952392578125, 2.6790826320648193, 556.7339477539062, 157.0410919189453]
IOU: 1.0
-------- IOUs Frame Number: 331 -------
VC_ID: 2
FACE_ID: 8
VC_BBOX: [0.0, 2.0, 248.0, 268.0]
FACE_BBOX: [107.79911804199219, 21.15455436706543, 207.43789672851562, 160.7250213623047]
IOU: 1.0
-------- IOUs Frame Number: 331 -------
VC_ID: 3
FACE_ID: 5
VC_BBOX: [182.0, 1.0, 444.0, 270.0]
FACE_BBOX: [265.7903137207031, 19.15203094482422, 362.0880126953125, 144.96408081054688]
IOU: 1.0
-------- IOUs Frame Number: 331 -------
VC_ID: 1
FACE_ID: 9
VC_BBOX: [358.0, 4.0, 481.0, 263.0]
FACE_BBOX: [371.2109069824219, 15.386570930480957, 450.9798278808594, 130.5496368408203]
IOU: 1.0
