-------- IOUs Frame Number: 624 -------
VC_ID: 5
FACE_ID: 9
VC_BBOX: [23.0, 35.0, 258.0, 270.0]
FACE_BBOX: [44.11744689941406, 55.12603759765625, 148.63758850097656, 183.3257598876953]
IOU: 1.0
-------- IOUs Frame Number: 624 -------
VC_ID: 6
FACE_ID: 0
VC_BBOX: [162.0, 0.0, 604.0, 268.0]
FACE_BBOX: [371.0489807128906, 14.701120376586914, 458.4972839355469, 127.12950897216797]
IOU: 1.0
