-------- IOUs Frame Number: 55 -------
VC_ID: 1
FACE_ID: 1
VC_BBOX: [279.0, 1.0, 575.0, 290.0]
FACE_BBOX: [329.0635681152344, 34.475337982177734, 427.8992614746094, 170.47152709960938]
IOU: 1.0
-------- IOUs Frame Number: 55 -------
VC_ID: 0
FACE_ID: 0
VC_BBOX: [115.0, 46.0, 359.0, 285.0]
FACE_BBOX: [250.01132202148438, 69.06907653808594, 309.8638916015625, 154.8146209716797]
IOU: 1.0
