-------- IOUs Frame Number: 1019 -------
VC_ID: 2
FACE_ID: 1
VC_BBOX: [116.0, 3.0, 576.0, 289.0]
FACE_BBOX: [321.3950500488281, 22.120960235595703, 420.8163146972656, 174.40235900878906]
IOU: 1.0
-------- IOUs Frame Number: 1019 -------
VC_ID: 1
FACE_ID: 0
VC_BBOX: [9.0, 52.0, 351.0, 285.0]
FACE_BBOX: [220.91944885253906, 70.85548400878906, 273.60015869140625, 154.08670043945312]
IOU: 1.0
-------- IOUs Frame Number: 1019 -------
VC_ID: 2
FACE_ID: 0
VC_BBOX: [116.0, 3.0, 576.0, 289.0]
FACE_BBOX: [220.91944885253906, 70.85548400878906, 273.60015869140625, 154.08670043945312]
IOU: 1.0
