-------- IOUs Frame Number: 463 -------
VC_ID: 7
FACE_ID: 1
VC_BBOX: [304.0, 13.0, 575.0, 301.0]
FACE_BBOX: [382.9891357421875, 51.16582489013672, 472.43170166015625, 147.65475463867188]
IOU: 1.0
-------- IOUs Frame Number: 463 -------
VC_ID: 9
FACE_ID: 0
VC_BBOX: [27.0, 47.0, 335.0, 299.0]
FACE_BBOX: [124.21888732910156, 88.96174621582031, 196.76068115234375, 183.3574981689453]
IOU: 1.0
