-------- IOUs Frame Number: 1308 -------
VC_ID: 5
FACE_ID: 0
VC_BBOX: [297.0, 60.0, 640.0, 422.0]
FACE_BBOX: [387.26995849609375, 101.90579223632812, 476.2853698730469, 222.01577758789062]
IOU: 1.0
-------- IOUs Frame Number: 1308 -------
VC_ID: 2
FACE_ID: 1
VC_BBOX: [2.0, 114.0, 351.0, 479.0]
FACE_BBOX: [152.59996032714844, 164.2213592529297, 228.28237915039062, 269.7710266113281]
IOU: 1.0
