-------- IOUs Frame Number: 442 -------
VC_ID: 11
FACE_ID: 3
VC_BBOX: [95.0, 133.0, 308.0, 383.0]
FACE_BBOX: [203.1226348876953, 165.8820343017578, 278.417724609375, 267.16741943359375]
IOU: 1.0
