-------- IOUs Frame Number: 424 -------
VC_ID: 11
FACE_ID: 2
VC_BBOX: [305.0, 130.0, 600.0, 360.0]
FACE_BBOX: [395.73291015625, 173.71926879882812, 476.6689758300781, 277.48577880859375]
IOU: 1.0
-------- IOUs Frame Number: 424 -------
VC_ID: 13
FACE_ID: 2
VC_BBOX: [387.0, 113.0, 639.0, 478.0]
FACE_BBOX: [395.73291015625, 173.71926879882812, 476.6689758300781, 277.48577880859375]
IOU: 1.0
-------- IOUs Frame Number: 424 -------
VC_ID: 9
FACE_ID: 3
VC_BBOX: [144.0, 132.0, 306.0, 381.0]
FACE_BBOX: [191.46900939941406, 164.06494140625, 266.58453369140625, 259.1272888183594]
IOU: 1.0
-------- IOUs Frame Number: 424 -------
VC_ID: 14
FACE_ID: 3
VC_BBOX: [1.0, 113.0, 306.0, 480.0]
FACE_BBOX: [191.46900939941406, 164.06494140625, 266.58453369140625, 259.1272888183594]
IOU: 1.0
