-------- IOUs Frame Number: 593 -------
VC_ID: 6
FACE_ID: 0
VC_BBOX: [307.0, 70.0, 639.0, 450.0]
FACE_BBOX: [384.066650390625, 114.9195556640625, 471.6705017089844, 232.29444885253906]
IOU: 1.0
-------- IOUs Frame Number: 593 -------
VC_ID: 3
FACE_ID: 1
VC_BBOX: [2.0, 111.0, 291.0, 478.0]
FACE_BBOX: [143.98373413085938, 144.88034057617188, 222.14639282226562, 258.0126647949219]
IOU: 1.0
