-------- IOUs Frame Number: 182 -------
VC_ID: 5
FACE_ID: 0
VC_BBOX: [311.0, 63.0, 638.0, 474.0]
FACE_BBOX: [397.1842956542969, 110.88081359863281, 489.56744384765625, 234.32965087890625]
IOU: 1.0
-------- IOUs Frame Number: 182 -------
VC_ID: 2
FACE_ID: 1
VC_BBOX: [23.0, 112.0, 306.0, 478.0]
FACE_BBOX: [161.7093963623047, 161.03872680664062, 241.41098022460938, 276.4815673828125]
IOU: 1.0
